Calculated Value
	Count:                            26165                   26165  (                   0)
	Min:                               1743                    5123  (                3380)
	Max:                          699910830               311214489  (           388696341)
	Variance:                   7.06597e+13             8.08712e+12  (         6.25726e+13)
	Stddev:                     8.40593e+06             2.84379e+06  (         5.56215e+06)
	Mean:                            599268                  381958  (              217310)


Inverted Weight
	Count:                            26165                   26165  (                   0)
	Min:                                  0                       0  (                   0)
	Max:                                  0               858993459  (           858993459)
	Variance:                             0             1.48378e+15  (         1.48378e+15)
	Stddev:                               0             3.85198e+07  (         3.85198e+07)
	Mean:                                 0             3.14965e+06  (         3.14965e+06)


Load Weight
	Count:                            26165                   26165  (                   0)
	Min:                               4326                    5692  (                1366)
	Max:                           62914560                57671680  (             5242880)
	Variance:                   9.46548e+11              1.4728e+12  (         5.26251e+11)
	Stddev:                          972907             1.21359e+06  (              240682)
	Mean:                            195556                  241485  (             45928.9)


Total Tick
	Count:                            26165                   26165  (                   0)
	Min:                                 22                      18  (                   4)
	Max:                                947                     823  (                 124)
	Variance:                       2466.75                 945.871  (             1520.88)
	Stddev:                         49.6664                  30.755  (             18.9114)
	Mean:                           56.7398                 78.2313  (             21.4916)


Weight
	Count:                            26165                   26165  (                   0)
	Min:                               4326                    5692  (                1366)
	Max:                            1048576                 1048576  (                   0)
	Variance:                   1.66184e+10              1.6878e+10  (         2.59694e+08)
	Stddev:                          128912                  129916  (             1003.35)
	Mean:                       1.03177e+06             1.03144e+06  (             325.057)


delta_exec
	Count:                            26165                   26165  (                   0)
	Min:                               1027                    1039  (                  12)
	Max:                          180000000               165000000  (            15000000)
	Variance:                   1.73237e+13             1.92998e+13  (         1.97613e+12)
	Stddev:                     4.16217e+06             4.39315e+06  (              230982)
	Mean:                            649821                  641592  (             8228.56)


