Calculated Value
	Count:                            77997                   77997  (                   0)
	Min:                               5269                    2215  (                3054)
	Max:                           44209445                24620959  (            19588486)
	Variance:                   4.65074e+13              6.5826e+12  (         3.99248e+13)
	Stddev:                     6.81964e+06             2.56566e+06  (         4.25398e+06)
	Mean:                       2.02542e+07             2.36515e+07  (         3.39735e+06)


Inverted Weight
	Count:                            77997                   77997  (                   0)
	Min:                                  0                       0  (                   0)
	Max:                              48388                25264513  (            25216125)
	Variance:                        780236             8.32418e+12  (         8.32418e+12)
	Stddev:                          883.31             2.88517e+06  (         2.88428e+06)
	Mean:                             16.13                  335353  (              335337)


Load Weight
	Count:                            77997                   77997  (                   0)
	Min:                              94912                  174677  (               79765)
	Max:                           90891264                90891264  (                   0)
	Variance:                   3.38948e+12             3.26961e+12  (         1.19878e+11)
	Stddev:                     1.84106e+06             1.80821e+06  (               32850)
	Mean:                            666954                  211530  (              455424)


Total Tick
	Count:                            77997                   77997  (                   0)
	Min:                                 19                      18  (                   1)
	Max:                               1642                    4295  (                2653)
	Variance:                       964.117                 2854.71  (              1890.6)
	Stddev:                         31.0502                 53.4295  (             22.3793)
	Mean:                           37.9399                 75.1081  (             37.1682)


Weight
	Count:                            77997                   77997  (                   0)
	Min:                             174507                  174876  (                 369)
	Max:                            1048576                 1048576  (                   0)
	Variance:                   2.77311e+07             7.82498e+07  (         5.05187e+07)
	Stddev:                         5266.03                 8845.89  (             3579.86)
	Mean:                       1.04854e+06             1.04849e+06  (             56.9461)


delta_exec
	Count:                            77997                   77997  (                   0)
	Min:                                877                    1062  (                 185)
	Max:                           24000000                24000000  (                   0)
	Variance:                   4.76213e+13             2.11457e+11  (         4.74099e+13)
	Stddev:                     6.90082e+06                  459845  (         6.44097e+06)
	Mean:                       7.33925e+06             3.94808e+06  (         3.39117e+06)


