Calculated Value
	Count:                            40428                   40427  (                   1)
	Min:                               2363                    3060  (                 697)
	Max:                         1180496481               924423509  (           256072972)
	Variance:                   3.89812e+13             2.95192e+13  (         9.46202e+12)
	Stddev:                     6.24349e+06             5.43315e+06  (              810337)
	Mean:                            326824                  373612  (             46788.4)


Inverted Weight
	Count:                            40428                   40427  (                   1)
	Min:                                  0                       0  (                   0)
	Max:                                  0              1431655765  (          1431655765)
	Variance:                             0             3.46593e+15  (         3.46593e+15)
	Stddev:                               0             5.88721e+07  (         5.88721e+07)
	Mean:                                 0             4.00812e+06  (         4.00812e+06)


Load Weight
	Count:                            40428                   40427  (                   1)
	Min:                               3553                    3353  (                 200)
	Max:                          169869312               101711872  (            68157440)
	Variance:                   5.53678e+12             3.28501e+12  (         2.25177e+12)
	Stddev:                     2.35304e+06             1.81246e+06  (              540578)
	Mean:                            285989                  272169  (             13819.9)


Total Tick
	Count:                            40428                   40427  (                   1)
	Min:                                 22                      19  (                   3)
	Max:                                909                    3156  (                2247)
	Variance:                       378.735                  889.85  (             511.115)
	Stddev:                         19.4611                 29.8304  (             10.3692)
	Mean:                           46.9553                 72.7423  (             25.7869)


Weight
	Count:                            40428                   40427  (                   1)
	Min:                               8457                    3353  (                5104)
	Max:                            1048576                 1048576  (                   0)
	Variance:                   9.98009e+09             1.20574e+10  (         2.07728e+09)
	Stddev:                         99900.4                  109806  (             9905.66)
	Mean:                       1.03823e+06             1.03618e+06  (             2053.27)


delta_exec
	Count:                            40428                   40427  (                   1)
	Min:                               1033                     928  (                 105)
	Max:                          486000000               291000000  (           195000000)
	Variance:                   4.95383e+13             3.29814e+13  (         1.65569e+13)
	Stddev:                     7.03835e+06             5.74295e+06  (          1.2954e+06)
	Mean:                            630239                  614315  (             15923.7)


