Calculated Value
	Count:                            18749                   18749  (                   0)
	Min:                               1800                 2999995  (             2998195)
	Max:                           24088562                11999994  (            12088568)
	Variance:                   4.15413e+12             1.19997e+13  (         7.84555e+12)
	Stddev:                     2.03817e+06             3.46406e+06  (         1.42589e+06)
	Mean:                       2.37546e+07             8.99999e+06  (         1.47546e+07)


Inverted Weight
	Count:                            18749                   18749  (                   0)
	Min:                                  0                       0  (                   0)
	Max:                              48388                 2097151  (             2048763)
	Variance:                        624240             9.78772e+11  (         9.78771e+11)
	Stddev:                         790.088                  989329  (              988539)
	Mean:                           12.9042             1.39605e+06  (         1.39604e+06)


Load Weight
	Count:                            18749                   18749  (                   0)
	Min:                             174876                 2097152  (             1922276)
	Max:                           90891264                 2097152  (            88794112)
	Variance:                   2.19428e+12                       0  (         2.19428e+12)
	Stddev:                     1.48131e+06                       0  (         1.48131e+06)
	Mean:                            199349             2.09715e+06  (          1.8978e+06)


Total Tick
	Count:                            18749                   18749  (                   0)
	Min:                                 21                      15  (                   6)
	Max:                               1422                   52090  (               50668)
	Variance:                       1650.93                  145103  (              143452)
	Stddev:                         40.6316                 380.924  (             340.292)
	Mean:                           54.8499                 33.5771  (             21.2728)


Weight
	Count:                            18749                   18749  (                   0)
	Min:                            1048576                 1048576  (                   0)
	Max:                            1048576                 1048576  (                   0)
	Variance:                             0                       0  (                   0)
	Stddev:                               0                       0  (                   0)
	Mean:                       1.04858e+06             1.04858e+06  (                   0)


delta_exec
	Count:                            18749                   18749  (                   0)
	Min:                               1243                 5999994  (             5998751)
	Max:                            4017364                24000000  (            19982636)
	Variance:                   1.10774e+11             4.79988e+13  (          4.7888e+13)
	Stddev:                          332827             6.92811e+06  (         6.59529e+06)
	Mean:                       3.96301e+06                 1.8e+07  (          1.4037e+07)


